388
6402
28
0
0
0
0
2
0
0
2
0
23
23
63
3
30
0
0
0
0
289
0
0
4
0
0
0
0
0
18
39
6
0
0
0
0
0
12
59
0
0
0
0
166
0
0
2
0
0
0
0
55
2809
24
1
927
20
15
104
0
0
8
1
0
73
0
0
0
1
57
0
30
420
0
34
1
44
0
0
0
0
5
107
5
0
1497
68
21
453
2123
1096
716
908
0
121
4
0
79
1
0
0
120
0
0
2
837
951
1
212
11
11
443
2
0
0
20
1465
0
476
152
45
0
0
1
308
3
67
0
0
16
244
1266
643
633
0
16
0
242
0
0
0
0
0
8
39
0
11
866
285
69
3
7
20
65
0
39
2
0
0
0
0
12
71
0
35
94
0
62
0
0
324
13
0
0
5
2
1816
1
0
6
199
0
5
31
2103
4
0
0
218
1
0
0
544
85
0
38
1319
0
0
1159
0
271
17992
0
0
8
0
0
0
7
1686
6
0
17
0
824
0
0
0
0
0
0
0
35
30
4
0
0
13
0
1071
0
18
0
777
1222
6
0
17
1448
0
14970
991
1493
0
559