1579
1280
1829
1672
2376
1780
2538
1945
1744
2308
2158
2086
1814
2049
1881
2087
1528
1943
1842
2492
1646
1362
2052
1573
1986
1313
1767
2231
2046
2001
1411
1728
1732
2208
2017
2025
1712
2159
1837
1900
1559
1776
2302
1272
1598
1596
1558
1583
2221
2199
1565
1666
1321
1176
1362
1939
1375
1880
1835
1646
1859
1815
1518
2057
1725
1567
2043
1493
2336
1898
1918
1370
1876
1452
1596
1586
2336
1668
1589
1548
1819
2157
1603
1542
1492
1984
1419
1604
1660
1678
1355
1469
1579
1406
2042
1555
2167
2026
1389
2012
2563
1777
1737
1833
1799
1550
1676
1484
1650
1312
1885
1919
1458
1666
1763
1833
1278
1419
1623
1474
1384
1553
1903
1984
2084
1383
1610
1531
1695
1791
1491
1515
1419
1400
1608
1525
2251
2516
1724
2239
1521
1994
2138
1718
1966
1729
2115
1883
1248
1735
1531
2036
1508
1903
2232
1763
1799
1912
2097
2318
2214
2157
1633
1523
1358
1942
1663
1648
1810
1508
2090
1246
1662
1358
1859
1539
1636
1264
2207
2247
2095
1573
1909
1696
1662
1142
1506
1513
2087
1272
1848
2389
2360
1575
1743
2249
2061
1438
1956
2325
1496
1855
1599
1084
2008
1566
1784
1739
2171
1739
1742
1359
1827
2145
1825
2008
1545
1730
2035
1916
2309
1777
2460
2178
1700
1700
1862
2088
2120
1955
2242
1467
1556
2160
2177
1188
1483
1994
2211
1884
1445
2535
1129
1614
1416
2593
1472