203
0 90 134 136
1 62 135 187 20 36 82 118 128 130 143 243 44 57 69 72 174 217 15 34 81 96 182 42
2
3
4
5
6
7
8
9
10
11
12
13 39 194
14 76
15
16
17
18
19
20
21 89
22
23
24
25
26
27
28
29
30
31 193
32
33
34
35
36
37
38
39 224 10
40
41
42
43
44 91 213
45
46
47
48
49
50
51
52
53 242 211
54
55
56 0 108 202 214 97 191
57
58 245
59 14
60
61
62
63
64
65
66
67
68
69
70 13 147
71
72 220
73 31 241
74
75
76
77
78
79
80
81
82
83
84
85
86 226 238 19 160
87 125
88
89 151 165
90 1 113 172 176 7 110 183 239 9 141 234
91 55 138 237
92 70 225 222
93 190 212
94
95
96
97
98
99
100
101
102 153 204
103
104
105
106 196 229 68 139 192
107 200 21 63 99
108
109 231
110
111
112 197
113
114
115
116
117 30 67 156 169 181 206 207 210 219
118
119 159 208
120 195
121
122
123
124
125
126
127
128
129
130
131 157 180
132 244 246 56 119 127 167 48
133 236 59 215
134 216 2
135
136 154
137
138 38 221
139
140
141
142
143
144
145
146
147
148
149 228 100 230
150
151
152
153
154 233
155
156
157
158
159
160
161
162
163 184
164
165
166 144
167
168 178
169
170
171
172
173
174
175
176
177 198 29 223 4 27
178
179
180
181 132
182
183
184
185
186
187
188
189
190
191
192
193 32 24 142 146 6
194
195
196
197 133 83 92 102 106 149 168
198
199
200 95 18 17
201
202 85
203 25 43 52 53 109 116 148 171 177 185 189 235 16 23 46 50 73 79 84 93 98 120 131 140 163 186 232 3 51 61 80 101 104 129 155 209 22 218 11 37 179
204
205
206
207
208
209
210
211 112 117 88 145 114 33
212
213
214
215
216 162 111 158 137
217
218
219
220
221
222
223
224
225
226
227
228
229
230
231 87 152 94
232
233
234
235
236 77 86 12 166
237
238
239
240 105 41 35 199
241
242 54 71 164 173 40 45 47 65 74 75 78 121 175 205 5 8 26 60 64 103 115 201 28 66 123 170 188 227
243 124 58 161
244 107 150 126 122 49
245
246 240
