219 10577869
205 10777687
158 11525673
67 1291545
3 1291546
53 1291548
12 1291549
22 1291552
188 1291557
14 1291560
7 1291561
234 1291565
213 1291568
42 1291571
41 1291572
140 1291578
119 1291579
28 1291583
88 1291585
74 1291818
122 1291822
245 1291824
18 1291828
60 1291832
15 1291841
66 1291843
196 1291844
167 1291853
29 1291858
112 1291870
69 1291875
157 1291879
87 1291990
198 1291992
83 1291999
19 1292000
5 1292001
0 1292052
224 1292055
186 1292056
195 1292062
4 1292063
21 1292064
75 1292208
16 1292213
189 1292214
36 1292215
168 1292217
192 1292218
49 1292220
47 1292223
30 1292224
180 1292233
52 1292262
153 1292270
103 1292274
144 1292281
199 1292287
108 1292328
226 1292329
63 1292343
238 1292348
44 1292365
48 1292370
97 1292401
78 1292402
82 1292434
107 1292528
77 1292656
173 1292659
85 1292679
2 1292720
9 1292722
164 1292728
70 1292849
237 1292925
145 1293172
174 1293181
27 1293182
79 1293318
26 1293350
100 1293359
233 1293399
127 1293460
228 1293530
64 1293544
190 1293764
23 1293839
207 1293908
232 1293929
113 1293964
132 1294240
101 1294371
56 1294408
172 1294638
50 1294639
135 1295038
6 1295124
114 1295399
136 1295409
1 1295644
91 1295865
147 1296141
86 1296339
54 1296736
165 1296753
96 1296909
94 1297052
95 1297192
71 1297359
121 1297447
178 1297478
137 1297574
72 1297630
90 1298070
39 1298624
223 1298653
46 1299131
200 1299327
183 1299361
32 1299398
239 1300117
17 1300267
146 1300299
162 1300374
246 1300741
128 1300960
141 1300992
217 1301169
209 1301171
221 1301617
57 1301753
203 1302425
206 1302467
184 1302476
129 1302827
59 1303021
150 1303037
204 1303394
243 1304073
171 1304102
115 1304447
81 1305164
118 1305487
177 1305690
230 1305725
43 1306029
193 1306249
124 1306861
191 1307315
156 1307793
185 1307811
35 1307914
181 1308575
176 1308767
201 1308777
51 1308807
170 1308817
151 1308857
37 1309046
116 1309163
68 1316510
220 1316572
248 1369747
131 1388216
236 1395091
152 1397546
194 1401118
80 1418019
138 1418200
109 1418834
155 1419936
227 1428175
216 1438652
65 1485260
117 1578507
93 1652587
218 1756073
134 1760622
55 1780330
58 1787291
242 1844413
20 1849031
38 1851857
125 1858711
249 1862151
160 1865703
215 1867345
34 1900841
149 1905462
126 1907966
45 1929463
110 1937946
208 1959195
229 1962116
139 1978709
123 2043546
175 2053515
31 2129039
8 2131459
214 21360417
62 2149806
120 21937445
148 21937452
111 2209573
154 2213597
143 2297265
179 2300586
99 2334904
92 2353023
166 2363506
187 2365260
133 3007773
130 3008247
210 3011051
13 3011091
169 3011235
61 3072124
231 3073124
212 3075287
182 3157605
202 3217169
104 3287562
33 3319755
241 3395373
25 3442220
84 3443389
10 3541415
73 3742360
105 3792799
11 3793023
247 3824274
222 4023638
106 4202302
89 4268598
244 4286017
211 4739952
163 4798888
76 4917726
98 5322596
240 5908478
159 5964718
161 5989818
225 6146955
235 6534248
24 6786002
142 6985810